4294967278,6
4294967278,5
4294967278,4
4294967279,132
4294967279,131
4294967279,130
4294967279,129
4294967279,128
4294967279,127
4294967279,126
4294967279,125
4294967279,124
4294967279,123
4294967279,122
4294967279,121
4294967279,120
4294967279,119
4294967279,118
4294967279,117
4294967278,230
4294967278,39
4294967278,38
4294967278,37
4294967278,36
4294967278,35
4294967278,34
4294967278,33
4294967278,32
4294967278,31
4294967278,30
4294967278,29
4294967278,28
4294967278,27
4294967278,26
4294967278,25
4294967278,24
4294967278,23
4294967278,22
4294967278,21
4294967278,20
4294967278,19
4294967278,18
4294967278,17
4294967278,16
4294967278,15
4294967278,14
4294967278,13
4294967278,12
4294967278,11
4294967278,10
4294967278,9
4294967278,8
4294967278,7
4294967279,32
4294967279,31
4294967279,30
4294967279,29
4294967279,27
4294967279,24
4294967279,21
4294967279,19
4294967279,18
4294967279,16
4294967279,15
4294967279,14
4294967279,12
4294967278,229
4294967278,226
4294967278,224
4294967294,436
4294967278,222
4294967278,223
4294967278,220
19,6
4294967278,214
4294967278,217
4294967278,215
19,5
4294967278,213
4294967278,212
19,4
19,3
19,2
19,1
4294967279,516
4294967278,211
4294967278,210
4294967278,209
4294967278,329
4294967279,515
4294967279,514
4294967278,208
18,5
4294967278,206
18,4
4294967278,205
18,3
18,2
18,1
4294967278,328
4294967278,204
4294967279,513
4294967294,408
4294967294,397
4294967294,177
4294967294,948
4294967294,385
4294967294,406
4294967294,402
4294967294,405
4294967294,168
4294967294,919
4294967294,414
4294967294,912
4294967294,111
4294967278,327
4294967279,512
4294967278,326
4294967279,319
4294967278,199
4294967278,198
4294967278,195
4294967278,197
17,5
17,4
4294967278,196
17,3
17,2
17,1
4294967278,325
4294967279,318
4294967278,324
4294967278,191
4294967294,115
4294967279,317
4294967278,323
4294967278,322
16,5
4294967278,190
4294967278,189
16,4
16,3
16,2
16,1
4294967279,316
4294967278,188
4294967278,187
4294967278,186
4294967278,321
4294967279,315
4294967279,314
4294967278,185
4294967278,183
15,4
4294967278,182
15,3
15,2
15,1
4294967278,320
4294967294,468
4294967278,181
4294967294,99
4294967294,76
4294967278,180
4294967278,179
4294967278,178
14,4
14,3
14,2
14,1
4294967279,313
4294967278,177
0,7
4294967294,903
4294967294,42
4294967294,185
4294967294,902
4294967278,319
4294967294,0
4294967294,393
4294967294,392
4294967294,388
4294967294,389
4294967294,114
4294967294,2
4294967279,312
4294967278,318
4294967294,89
4294967294,916
4294967294,162
4294967294,962
4294967294,963
4294967294,1416
4294967279,311
4294967278,317
4294967279,310
4294967278,316
4294967294,469
4294967279,309
4294967278,315
4294967294,107
4294967294,91
4294967294,90
4294967294,87
4294967294,86
4294967294,85
4294967294,84
4294967294,921
4294967294,950
4294967294,949
4294967294,29
4294967294,418
4294967294,28
4294967294,946
4294967294,53
4294967294,45
4294967294,426
4294967294,44
4294967294,96
4294967294,94
4294967279,308
4294967294,9
4294967294,8
4294967279,307
4294967279,260
4294967294,7
4294967278,314
4294967294,6
4294967294,61
4294967294,43
4294967294,423
4294967294,51
4294967294,52
4294967294,92
4294967294,88
4294967294,1414
4294967294,83
4294967278,132
4294967278,131
4294967278,130
4294967278,129
4294967278,128
4294967278,127
4294967278,126
4294967278,125
4294967278,124
4294967278,123
4294967278,122
4294967278,121
4294967278,120
4294967278,119
4294967278,118
4294967278,117
4294967278,116
4294967278,115
4294967278,114
4294967278,113
4294967278,112
4294967278,111
4294967278,110
4294967278,109
4294967278,108
4294967278,107
4294967278,106
4294967278,105
4294967278,104
4294967278,103
4294967278,102
4294967278,101
4294967278,100
4294967278,99
4294967278,98
4294967278,97
4294967278,96
4294967278,95
4294967278,94
4294967278,93
4294967278,92
4294967278,91
4294967278,90
4294967278,89
4294967278,87
4294967278,86
4294967278,85
4294967278,84
4294967278,83
4294967278,82
4294967278,81
4294967278,80
4294967278,79
